,SchoolYear,NameHospital,Sex,EpiUnderweight,EpiHealthyWeight,EpiOverweight,EpiObese,EpiOverweightAndObese,ValidCounts,UnvalidCounts,TotalCounts,year,%ValidCounts,%UnValidCounts
0,2001-01-01,Borders,Female,2,334,54,28,82,418,82,500,2001,83.6,16.400000000000002
1,2001-01-01,Borders,Male,5,301,63,42,105,411,105,516,2001,79.65116279069767,20.348837209302324
2,2001-01-01,Lothian,Female,12,728,133,106,239,979,239,1218,2001,80.3776683087028,19.62233169129721
3,2001-01-01,Lothian,Male,17,681,124,114,238,936,238,1174,2001,79.7274275979557,20.272572402044293
4,2001-01-01,Fife,Female,17,1361,231,155,386,1764,386,2150,2001,82.04651162790698,17.953488372093023
5,2001-01-01,Fife,Male,24,1365,244,219,463,1852,463,2315,2001,80.0,20.0
6,2001-01-01,Lanarkshire,Female,57,2280,319,287,606,2943,606,3549,2001,82.92476754015216,17.075232459847843
7,2001-01-01,Lanarkshire,Male,72,2231,347,281,628,2931,628,3559,2001,82.35459398707502,17.64540601292498
8,2002-01-01,Lothian,Female,10,634,125,107,232,876,232,1108,2002,79.06137184115524,20.938628158844764
9,2002-01-01,Lothian,Male,23,611,126,105,231,865,231,1096,2002,78.92335766423358,21.076642335766422
10,2002-01-01,Fife,Female,9,1275,206,189,395,1679,395,2074,2002,80.95467695274831,19.04532304725169
11,2002-01-01,Fife,Male,20,1229,239,178,417,1666,417,2083,2002,79.98079692750841,20.0192030724916
12,2002-01-01,Tayside,Female,19,1574,247,192,439,2032,439,2471,2002,82.23391339538648,17.76608660461352
13,2002-01-01,Tayside,Male,41,1600,267,201,468,2109,468,2577,2002,81.83934807916181,18.160651920838184
14,2002-01-01,Lanarkshire,Female,65,2352,359,275,634,3051,634,3685,2002,82.79511533242876,17.204884667571235
15,2002-01-01,Lanarkshire,Male,79,2472,409,302,711,3262,711,3973,2002,82.10420337276616,17.89579662723383
16,2003-01-01,Borders,Female,3,377,67,44,111,491,111,602,2003,81.56146179401993,18.438538205980066
17,2003-01-01,Borders,Male,6,400,83,39,122,528,122,650,2003,81.23076923076923,18.76923076923077
18,2003-01-01,Lothian,Female,10,631,99,73,172,813,172,985,2003,82.53807106598985,17.461928934010153
19,2003-01-01,Lothian,Male,20,629,105,83,188,837,188,1025,2003,81.65853658536585,18.341463414634145
20,2003-01-01,Western Isles,Female,1,80,11,10,21,102,21,123,2003,82.92682926829268,17.073170731707318
21,2003-01-01,Western Isles,Male,0,58,12,7,19,77,19,96,2003,80.20833333333334,19.791666666666664
22,2003-01-01,Fife,Female,9,1306,236,184,420,1735,420,2155,2003,80.51044083526682,19.489559164733176
23,2003-01-01,Fife,Male,17,1256,236,175,411,1684,411,2095,2003,80.38186157517899,19.618138424821
24,2003-01-01,Tayside,Female,26,1511,237,189,426,1963,426,2389,2003,82.16827124319799,17.831728756802008
25,2003-01-01,Tayside,Male,39,1540,247,235,482,2061,482,2543,2003,81.04600865119937,18.953991348800628
26,2003-01-01,Lanarkshire,Female,48,2362,380,337,717,3127,717,3844,2003,81.34755463059314,18.652445369406866
27,2003-01-01,Lanarkshire,Male,96,2397,395,344,739,3232,739,3971,2003,81.39007806597834,18.609921934021656
28,2004-01-01,Borders,Female,8,427,82,53,135,570,135,705,2004,80.85106382978722,19.148936170212767
29,2004-01-01,Borders,Male,6,405,81,70,151,562,151,713,2004,78.82187938288921,21.1781206171108
30,2004-01-01,Dumfries and Galloway,Female,9,342,72,54,126,477,126,603,2004,79.1044776119403,20.8955223880597
31,2004-01-01,Dumfries and Galloway,Male,10,417,69,48,117,544,117,661,2004,82.29954614220878,17.700453857791228
32,2004-01-01,Lothian,Female,31,2660,405,366,771,3462,771,4233,2004,81.7859673990078,18.214032600992205
33,2004-01-01,Lothian,Male,61,2558,469,393,862,3481,862,4343,2004,80.15196868524062,19.848031314759382
34,2004-01-01,Western Isles,Female,0,7,2,3,5,12,5,17,2004,70.58823529411765,29.411764705882355
35,2004-01-01,Western Isles,Male,0,8,0,2,2,10,2,12,2004,83.33333333333334,16.666666666666664
36,2004-01-01,Fife,Female,7,1254,212,163,375,1636,375,2011,2004,81.35256091496768,18.64743908503232
37,2004-01-01,Fife,Male,23,1349,295,188,483,1855,483,2338,2004,79.34131736526946,20.65868263473054
38,2004-01-01,Tayside,Female,19,1461,211,190,401,1881,401,2282,2004,82.42769500438212,17.57230499561788
39,2004-01-01,Tayside,Male,31,1521,229,206,435,1987,435,2422,2004,82.03963666391412,17.96036333608588
40,2004-01-01,Lanarkshire,Female,55,2312,343,294,637,3004,637,3641,2004,82.50480637187586,17.49519362812414
41,2004-01-01,Lanarkshire,Male,92,2340,333,345,678,3110,678,3788,2004,82.10137275607181,17.898627243928196
42,2005-01-01,Borders,Female,5,407,57,50,107,519,107,626,2005,82.9073482428115,17.0926517571885
43,2005-01-01,Borders,Male,8,459,61,72,133,600,133,733,2005,81.85538881309687,18.144611186903138
44,2005-01-01,Dumfries and Galloway,Female,5,510,81,54,135,650,135,785,2005,82.80254777070064,17.197452229299362
45,2005-01-01,Dumfries and Galloway,Male,6,456,93,72,165,627,165,792,2005,79.16666666666666,20.833333333333336
46,2005-01-01,Forth Valley,Female,20,1132,173,139,312,1464,312,1776,2005,82.43243243243244,17.56756756756757
47,2005-01-01,Forth Valley,Male,31,1094,197,165,362,1487,362,1849,2005,80.42184964845862,19.578150351541375
48,2005-01-01,Lothian,Female,54,2651,418,302,720,3425,720,4145,2005,82.62967430639324,17.370325693606755
49,2005-01-01,Lothian,Male,58,2602,449,411,860,3520,860,4380,2005,80.36529680365297,19.63470319634703
50,2005-01-01,Western Isles,Female,1,44,9,5,14,59,14,73,2005,80.82191780821918,19.17808219178082
51,2005-01-01,Western Isles,Male,0,49,10,8,18,67,18,85,2005,78.82352941176471,21.176470588235293
52,2005-01-01,Fife,Female,10,1241,246,200,446,1697,446,2143,2005,79.18805412972468,20.811945870275313
53,2005-01-01,Fife,Male,13,1304,293,271,564,1881,564,2445,2005,76.93251533742331,23.06748466257669
54,2005-01-01,Tayside,Female,25,1407,241,188,429,1861,429,2290,2005,81.26637554585153,18.73362445414847
55,2005-01-01,Tayside,Male,32,1445,267,207,474,1951,474,2425,2005,80.45360824742268,19.546391752577318
56,2005-01-01,Lanarkshire,Female,49,2269,340,270,610,2928,610,3538,2005,82.75862068965517,17.24137931034483
57,2005-01-01,Lanarkshire,Male,70,2200,354,296,650,2920,650,3570,2005,81.79271708683473,18.207282913165265
58,2006-01-01,Borders,Female,2,444,55,54,109,555,109,664,2006,83.58433734939759,16.415662650602407
59,2006-01-01,Borders,Male,3,415,81,49,130,548,130,678,2006,80.8259587020649,19.174041297935105
60,2006-01-01,Dumfries and Galloway,Female,5,424,81,53,134,563,134,697,2006,80.77474892395983,19.225251076040173
61,2006-01-01,Dumfries and Galloway,Male,6,472,88,82,170,648,170,818,2006,79.21760391198043,20.78239608801956
62,2006-01-01,Forth Valley,Female,13,1065,136,130,266,1344,266,1610,2006,83.47826086956522,16.52173913043478
63,2006-01-01,Forth Valley,Male,7,1130,195,132,327,1464,327,1791,2006,81.74204355108877,18.257956448911223
64,2006-01-01,Lothian,Female,23,1980,336,246,582,2585,582,3167,2006,81.62298705399431,18.37701294600568
65,2006-01-01,Lothian,Male,42,1868,343,302,645,2555,645,3200,2006,79.84375,20.15625
66,2006-01-01,Western Isles,Female,3,111,14,19,33,147,33,180,2006,81.66666666666667,18.333333333333332
67,2006-01-01,Western Isles,Male,2,107,11,11,22,131,22,153,2006,85.62091503267973,14.37908496732026
68,2006-01-01,Fife,Female,8,1207,216,180,396,1611,396,2007,2006,80.26905829596413,19.730941704035875
69,2006-01-01,Fife,Male,13,1218,226,214,440,1671,440,2111,2006,79.15679772619612,20.843202273803886
70,2006-01-01,Tayside,Female,23,1507,245,156,401,1931,401,2332,2006,82.80445969125213,17.195540308747855
71,2006-01-01,Tayside,Male,43,1517,262,209,471,2031,471,2502,2006,81.17505995203837,18.82494004796163
72,2006-01-01,Greater Glasgow and Clyde,Female,15,643,98,71,169,827,169,996,2006,83.03212851405623,16.967871485943775
73,2006-01-01,Greater Glasgow and Clyde,Male,30,612,91,72,163,805,163,968,2006,83.16115702479338,16.83884297520661
74,2006-01-01,Lanarkshire,Female,61,2157,286,242,528,2746,528,3274,2006,83.87293830177154,16.127061698228466
75,2006-01-01,Lanarkshire,Male,89,2158,320,275,595,2842,595,3437,2006,82.68839103869654,17.311608961303463
76,2007-01-01,Ayrshire and Arran,Female,21,1205,189,154,343,1569,343,1912,2007,82.06066945606695,17.939330543933053
77,2007-01-01,Ayrshire and Arran,Male,33,1218,193,163,356,1607,356,1963,2007,81.86449312277126,18.135506877228732
78,2007-01-01,Borders,Female,4,413,48,52,100,517,100,617,2007,83.79254457050244,16.207455429497568
79,2007-01-01,Borders,Male,6,441,64,42,106,553,106,659,2007,83.91502276176024,16.084977238239755
80,2007-01-01,Dumfries and Galloway,Female,4,492,88,62,150,646,150,796,2007,81.15577889447236,18.84422110552764
81,2007-01-01,Dumfries and Galloway,Male,3,507,109,69,178,688,178,866,2007,79.44572748267899,20.554272517321014
82,2007-01-01,Forth Valley,Female,19,1011,135,88,223,1253,223,1476,2007,84.89159891598916,15.10840108401084
83,2007-01-01,Forth Valley,Male,19,1081,132,129,261,1361,261,1622,2007,83.90875462392108,16.091245376078913
84,2007-01-01,Lothian,Female,18,1845,315,227,542,2405,542,2947,2007,81.60841533763148,18.39158466236851
85,2007-01-01,Lothian,Male,38,1943,348,299,647,2628,647,3275,2007,80.24427480916032,19.755725190839694
86,2007-01-01,Western Isles,Female,2,94,17,18,35,131,35,166,2007,78.91566265060241,21.084337349397593
87,2007-01-01,Western Isles,Male,2,80,12,11,23,105,23,128,2007,82.03125,17.96875
88,2007-01-01,Fife,Female,7,1307,214,170,384,1698,384,2082,2007,81.55619596541787,18.443804034582133
89,2007-01-01,Fife,Male,10,1371,272,200,472,1853,472,2325,2007,79.6989247311828,20.301075268817204
90,2007-01-01,Tayside,Female,28,1447,184,149,333,1808,333,2141,2007,84.4465203176086,15.553479682391405
91,2007-01-01,Tayside,Male,38,1448,233,162,395,1881,395,2276,2007,82.64499121265378,17.35500878734622
92,2007-01-01,Greater Glasgow and Clyde,Female,26,655,77,47,124,805,124,929,2007,86.65231431646933,13.347685683530678
93,2007-01-01,Greater Glasgow and Clyde,Male,32,619,69,66,135,786,135,921,2007,85.34201954397395,14.65798045602606
94,2007-01-01,Lanarkshire,Female,73,2231,343,229,572,2876,572,3448,2007,83.4106728538283,16.58932714617169
95,2007-01-01,Lanarkshire,Male,90,2218,299,278,577,2885,577,3462,2007,83.33333333333334,16.666666666666664
96,2008-01-01,Ayrshire and Arran,Female,31,1349,164,138,302,1682,302,1984,2008,84.77822580645162,15.221774193548388
97,2008-01-01,Ayrshire and Arran,Male,42,1334,196,140,336,1712,336,2048,2008,83.59375,16.40625
98,2008-01-01,Borders,Female,6,400,72,38,110,516,110,626,2008,82.42811501597444,17.57188498402556
99,2008-01-01,Borders,Male,4,426,62,54,116,546,116,662,2008,82.4773413897281,17.522658610271904
100,2008-01-01,Dumfries and Galloway,Female,6,525,77,76,153,684,153,837,2008,81.72043010752688,18.27956989247312
101,2008-01-01,Dumfries and Galloway,Male,14,525,85,70,155,694,155,849,2008,81.7432273262662,18.256772673733803
102,2008-01-01,Forth Valley,Female,11,1190,176,136,312,1513,312,1825,2008,82.9041095890411,17.095890410958905
103,2008-01-01,Forth Valley,Male,21,1216,180,140,320,1557,320,1877,2008,82.95151838039425,17.048481619605756
104,2008-01-01,Highland,Female,12,1081,180,152,332,1425,332,1757,2008,81.10415480933409,18.89584519066591
105,2008-01-01,Highland,Male,15,1026,216,168,384,1425,384,1809,2008,78.77280265339967,21.22719734660033
106,2008-01-01,Lothian,Female,30,2693,439,330,769,3492,769,4261,2008,81.95259328796057,18.047406712039425
107,2008-01-01,Lothian,Male,78,2780,462,395,857,3715,857,4572,2008,81.25546806649169,18.744531933508313
108,2008-01-01,Shetland,Female,1,95,11,9,20,116,20,136,2008,85.29411764705883,14.705882352941178
109,2008-01-01,Shetland,Male,3,95,14,13,27,125,27,152,2008,82.23684210526315,17.763157894736842
110,2008-01-01,Western Isles,Female,6,88,13,13,26,120,26,146,2008,82.1917808219178,17.80821917808219
111,2008-01-01,Western Isles,Male,1,94,15,14,29,124,29,153,2008,81.04575163398692,18.954248366013072
112,2008-01-01,Fife,Female,6,1238,188,140,328,1572,328,1900,2008,82.73684210526315,17.263157894736842
113,2008-01-01,Fife,Male,12,1198,224,141,365,1575,365,1940,2008,81.18556701030928,18.814432989690722
114,2008-01-01,Tayside,Female,26,1464,218,186,404,1894,404,2298,2008,82.4194952132289,17.580504786771105
115,2008-01-01,Tayside,Male,41,1538,247,224,471,2050,471,2521,2008,81.31693772312575,18.683062276874256
116,2008-01-01,Greater Glasgow and Clyde,Female,17,644,76,54,130,791,130,921,2008,85.88490770901196,14.115092290988057
117,2008-01-01,Greater Glasgow and Clyde,Male,23,683,78,62,140,846,140,986,2008,85.80121703853956,14.198782961460447
118,2008-01-01,Lanarkshire,Female,89,2409,281,236,517,3015,517,3532,2008,85.36240090600226,14.637599093997736
119,2008-01-01,Lanarkshire,Male,122,2441,315,261,576,3139,576,3715,2008,84.49528936742934,15.504710632570658
120,2009-01-01,Ayrshire and Arran,Female,21,1294,207,161,368,1683,368,2051,2009,82.05753291077524,17.942467089224767
121,2009-01-01,Ayrshire and Arran,Male,35,1272,232,180,412,1719,412,2131,2009,80.66635382449554,19.333646175504455
122,2009-01-01,Borders,Female,5,417,85,52,137,559,137,696,2009,80.31609195402298,19.68390804597701
123,2009-01-01,Borders,Male,10,438,77,56,133,581,133,714,2009,81.37254901960785,18.627450980392158
124,2009-01-01,Dumfries and Galloway,Female,1,552,109,65,174,727,174,901,2009,80.6881243063263,19.3118756936737
125,2009-01-01,Dumfries and Galloway,Male,2,527,100,102,202,731,202,933,2009,78.34941050375134,21.65058949624866
126,2009-01-01,Forth Valley,Female,12,1153,176,144,320,1485,320,1805,2009,82.27146814404432,17.72853185595568
127,2009-01-01,Forth Valley,Male,17,1204,218,130,348,1569,348,1917,2009,81.84663536776213,18.153364632237874
128,2009-01-01,Grampian,Female,27,1897,251,221,472,2396,472,2868,2009,83.54253835425384,16.457461645746164
129,2009-01-01,Grampian,Male,46,1961,285,252,537,2544,537,3081,2009,82.57059396299903,17.429406037000973
130,2009-01-01,Highland,Female,6,1090,199,157,356,1452,356,1808,2009,80.30973451327434,19.690265486725664
131,2009-01-01,Highland,Male,9,1156,216,179,395,1560,395,1955,2009,79.79539641943734,20.20460358056266
132,2009-01-01,Lothian,Female,61,2729,390,307,697,3487,697,4184,2009,83.3413001912046,16.65869980879541
133,2009-01-01,Lothian,Male,77,2782,497,377,874,3733,874,4607,2009,81.02886911222053,18.971130887779466
134,2009-01-01,Shetland,Female,1,79,11,12,23,103,23,126,2009,81.74603174603175,18.253968253968253
135,2009-01-01,Shetland,Male,1,102,13,18,31,134,31,165,2009,81.21212121212122,18.787878787878785
136,2009-01-01,Western Isles,Female,1,74,9,14,23,98,23,121,2009,80.99173553719008,19.00826446280992
137,2009-01-01,Western Isles,Male,5,78,11,17,28,111,28,139,2009,79.85611510791367,20.14388489208633
138,2009-01-01,Fife,Female,7,1369,218,172,390,1766,390,2156,2009,81.91094619666049,18.089053803339517
139,2009-01-01,Fife,Male,21,1444,258,211,469,1934,469,2403,2009,80.48272992093217,19.51727007906783
140,2009-01-01,Tayside,Female,31,1443,237,181,418,1892,418,2310,2009,81.9047619047619,18.095238095238095
141,2009-01-01,Tayside,Male,27,1530,234,202,436,1993,436,2429,2009,82.05022643062989,17.949773569370112
142,2009-01-01,Greater Glasgow and Clyde,Female,44,2904,434,353,787,3735,787,4522,2009,82.59619637328616,17.40380362671384
143,2009-01-01,Greater Glasgow and Clyde,Male,69,2920,427,339,766,3755,766,4521,2009,83.05684583056846,16.943154169431544
144,2009-01-01,Lanarkshire,Female,63,2402,300,230,530,2995,530,3525,2009,84.9645390070922,15.035460992907801
145,2009-01-01,Lanarkshire,Male,94,2425,318,263,581,3100,581,3681,2009,84.21624558543874,15.78375441456126
146,2010-01-01,Ayrshire and Arran,Female,20,1285,249,186,435,1740,435,2175,2010,80.0,20.0
147,2010-01-01,Ayrshire and Arran,Male,21,1276,264,229,493,1790,493,2283,2010,78.40560665790626,21.59439334209374
148,2010-01-01,Borders,Female,9,416,52,42,94,519,94,613,2010,84.66557911908646,15.334420880913541
149,2010-01-01,Borders,Male,7,429,73,48,121,557,121,678,2010,82.15339233038348,17.846607669616517
150,2010-01-01,Dumfries and Galloway,Female,1,526,93,62,155,682,155,837,2010,81.48148148148148,18.51851851851852
151,2010-01-01,Dumfries and Galloway,Male,3,535,108,77,185,723,185,908,2010,79.62555066079295,20.37444933920705
152,2010-01-01,Forth Valley,Female,6,1274,183,134,317,1597,317,1914,2010,83.43782654127482,16.562173458725184
153,2010-01-01,Forth Valley,Male,12,1271,188,152,340,1623,340,1963,2010,82.6795720835456,17.320427916454406
154,2010-01-01,Grampian,Female,40,2028,252,203,455,2523,455,2978,2010,84.72128945601075,15.278710543989254
155,2010-01-01,Grampian,Male,56,2080,298,262,560,2696,560,3256,2010,82.80098280098281,17.1990171990172
156,2010-01-01,Highland,Female,6,1059,183,163,346,1411,346,1757,2010,80.30734206033011,19.692657939669893
157,2010-01-01,Highland,Male,15,1081,233,165,398,1494,398,1892,2010,78.96405919661733,21.035940803382662
158,2010-01-01,Lothian,Female,72,2895,393,368,761,3728,761,4489,2010,83.04744932056137,16.952550679438627
159,2010-01-01,Lothian,Male,100,3029,489,394,883,4012,883,4895,2010,81.9611848825332,18.038815117466804
160,2010-01-01,Orkney,Female,0,84,12,15,27,111,27,138,2010,80.43478260869566,19.565217391304348
161,2010-01-01,Orkney,Male,0,63,14,10,24,87,24,111,2010,78.37837837837837,21.62162162162162
162,2010-01-01,Shetland,Female,1,93,13,10,23,117,23,140,2010,83.57142857142857,16.428571428571427
163,2010-01-01,Shetland,Male,2,92,21,8,29,123,29,152,2010,80.92105263157895,19.078947368421055
164,2010-01-01,Western Isles,Female,3,92,22,14,36,131,36,167,2010,78.44311377245509,21.55688622754491
165,2010-01-01,Western Isles,Male,2,85,12,19,31,118,31,149,2010,79.19463087248322,20.80536912751678
166,2010-01-01,Fife,Female,12,1420,232,175,407,1839,407,2246,2010,81.87889581478184,18.121104185218165
167,2010-01-01,Fife,Male,23,1418,226,219,445,1886,445,2331,2010,80.90948090948092,19.09051909051909
168,2010-01-01,Tayside,Female,36,1476,243,185,428,1940,428,2368,2010,81.92567567567568,18.074324324324326
169,2010-01-01,Tayside,Male,52,1498,302,234,536,2086,536,2622,2010,79.5575896262395,20.442410373760488
170,2010-01-01,Greater Glasgow and Clyde,Female,15,754,92,60,152,921,152,1073,2010,85.834109972041,14.165890027958994
171,2010-01-01,Greater Glasgow and Clyde,Male,39,720,77,78,155,914,155,1069,2010,85.50046772684752,14.499532273152479
172,2010-01-01,Lanarkshire,Female,71,2270,257,215,472,2813,472,3285,2010,85.6316590563166,14.368340943683409
173,2010-01-01,Lanarkshire,Male,120,2286,279,258,537,2943,537,3480,2010,84.56896551724138,15.431034482758621
174,2011-01-01,Ayrshire and Arran,Female,15,1362,241,181,422,1799,422,2221,2011,80.99954975236379,19.0004502476362
175,2011-01-01,Ayrshire and Arran,Male,33,1391,263,228,491,1915,491,2406,2011,79.59268495428097,20.407315045719034
176,2011-01-01,Borders,Female,1,429,67,44,111,541,111,652,2011,82.97546012269939,17.02453987730061
177,2011-01-01,Borders,Male,3,440,91,58,149,592,149,741,2011,79.89203778677462,20.10796221322537
178,2011-01-01,Dumfries and Galloway,Female,6,530,88,76,164,700,164,864,2011,81.01851851851852,18.98148148148148
179,2011-01-01,Dumfries and Galloway,Male,5,567,105,81,186,758,186,944,2011,80.29661016949152,19.703389830508474
180,2011-01-01,Forth Valley,Female,10,1154,197,135,332,1496,332,1828,2011,81.83807439824945,18.161925601750546
181,2011-01-01,Forth Valley,Male,12,1284,205,149,354,1650,354,2004,2011,82.33532934131736,17.664670658682635
182,2011-01-01,Grampian,Female,21,1982,292,242,534,2537,534,3071,2011,82.61152718984044,17.38847281015956
183,2011-01-01,Grampian,Male,41,1973,352,263,615,2629,615,3244,2011,81.0419235511714,18.958076448828606
184,2011-01-01,Highland,Female,9,1140,180,140,320,1469,320,1789,2011,82.11291224147568,17.887087758524313
185,2011-01-01,Highland,Male,14,1140,222,170,392,1546,392,1938,2011,79.77296181630547,20.227038183694532
186,2011-01-01,Lothian,Female,27,3114,479,352,831,3972,831,4803,2011,82.69831355402873,17.301686445971267
187,2011-01-01,Lothian,Male,59,3133,527,405,932,4124,932,5056,2011,81.56645569620254,18.43354430379747
188,2011-01-01,Orkney,Female,1,81,19,17,36,118,36,154,2011,76.62337662337663,23.376623376623375
189,2011-01-01,Orkney,Male,0,81,17,17,34,115,34,149,2011,77.18120805369128,22.818791946308725
190,2011-01-01,Shetland,Female,2,109,22,15,37,148,37,185,2011,80.0,20.0
191,2011-01-01,Shetland,Male,2,93,18,10,28,123,28,151,2011,81.45695364238411,18.543046357615893
192,2011-01-01,Western Isles,Female,3,109,12,18,30,142,30,172,2011,82.55813953488372,17.441860465116278
193,2011-01-01,Western Isles,Male,1,112,10,15,25,138,25,163,2011,84.66257668711657,15.337423312883436
194,2011-01-01,Fife,Female,16,1572,214,189,403,1991,403,2394,2011,83.16624895572264,16.83375104427736
195,2011-01-01,Fife,Male,26,1496,234,205,439,1961,439,2400,2011,81.70833333333334,18.291666666666668
196,2011-01-01,Tayside,Female,20,1454,258,202,460,1934,460,2394,2011,80.78529657477026,19.21470342522974
197,2011-01-01,Tayside,Male,17,1556,241,207,448,2021,448,2469,2011,81.85500202511138,18.144997974888618
198,2011-01-01,Greater Glasgow and Clyde,Female,35,4192,600,517,1117,5344,1117,6461,2011,82.71165454264046,17.28834545735954
199,2011-01-01,Greater Glasgow and Clyde,Male,67,4306,667,568,1235,5608,1235,6843,2011,81.95236007599006,18.047639924009935
200,2011-01-01,Lanarkshire,Female,71,2702,353,318,671,3444,671,4115,2011,83.69380315917375,16.306196840826246
201,2011-01-01,Lanarkshire,Male,137,2795,362,339,701,3633,701,4334,2011,83.82556529764652,16.174434702353484
202,2012-01-01,Ayrshire and Arran,Female,22,1379,215,205,420,1821,420,2241,2012,81.25836680053547,18.741633199464523
203,2012-01-01,Ayrshire and Arran,Male,34,1445,265,213,478,1957,478,2435,2012,80.36960985626284,19.630390143737166
204,2012-01-01,Borders,Female,2,477,60,49,109,588,109,697,2012,84.36154949784792,15.638450502152079
205,2012-01-01,Borders,Male,2,437,75,48,123,562,123,685,2012,82.04379562043795,17.956204379562042
206,2012-01-01,Dumfries and Galloway,Female,3,557,89,69,158,718,158,876,2012,81.9634703196347,18.036529680365295
207,2012-01-01,Dumfries and Galloway,Male,10,540,96,65,161,711,161,872,2012,81.53669724770643,18.46330275229358
208,2012-01-01,Forth Valley,Female,7,1327,202,132,334,1668,334,2002,2012,83.31668331668331,16.683316683316683
209,2012-01-01,Forth Valley,Male,13,1319,196,146,342,1674,342,2016,2012,83.03571428571429,16.964285714285715
210,2012-01-01,Grampian,Female,27,2150,347,226,573,2750,573,3323,2012,82.75654529040024,17.24345470959976
211,2012-01-01,Grampian,Male,33,2204,337,288,625,2862,625,3487,2012,82.07628333811299,17.92371666188701
212,2012-01-01,Highland,Female,12,1157,159,165,324,1493,324,1817,2012,82.16840946615301,17.831590533847
213,2012-01-01,Highland,Male,16,1234,236,164,400,1650,400,2050,2012,80.48780487804879,19.51219512195122
214,2012-01-01,Lothian,Female,17,3365,512,341,853,4235,853,5088,2012,83.23506289308176,16.76493710691824
215,2012-01-01,Lothian,Male,59,3356,511,422,933,4348,933,5281,2012,82.33289149782237,17.667108502177616
216,2012-01-01,Orkney,Female,1,90,12,12,24,115,24,139,2012,82.73381294964028,17.26618705035971
217,2012-01-01,Orkney,Male,2,64,13,16,29,95,29,124,2012,76.61290322580645,23.387096774193548
218,2012-01-01,Shetland,Female,0,86,11,8,19,105,19,124,2012,84.67741935483872,15.32258064516129
219,2012-01-01,Shetland,Male,0,97,11,19,30,127,30,157,2012,80.89171974522293,19.10828025477707
220,2012-01-01,Western Isles,Female,3,85,14,11,25,113,25,138,2012,81.88405797101449,18.115942028985508
221,2012-01-01,Western Isles,Male,2,98,17,22,39,139,39,178,2012,78.08988764044943,21.910112359550563
222,2012-01-01,Fife,Female,12,1504,237,184,421,1937,421,2358,2012,82.14588634435962,17.854113655640376
223,2012-01-01,Fife,Male,25,1586,265,186,451,2062,451,2513,2012,82.0533227218464,17.9466772781536
224,2012-01-01,Tayside,Female,4,1611,255,188,443,2058,443,2501,2012,82.28708516593363,17.712914834066375
225,2012-01-01,Tayside,Male,20,1596,286,215,501,2117,501,2618,2012,80.86325439266616,19.136745607333843
226,2012-01-01,Greater Glasgow and Clyde,Female,52,4481,646,542,1188,5721,1188,6909,2012,82.80503690838037,17.194963091619627
227,2012-01-01,Greater Glasgow and Clyde,Male,88,4479,672,534,1206,5773,1206,6979,2012,82.71958733342886,17.280412666571145
228,2012-01-01,Lanarkshire,Female,68,2718,350,298,648,3434,648,4082,2012,84.12542871141598,15.874571288584027
229,2012-01-01,Lanarkshire,Male,98,2740,419,328,747,3585,747,4332,2012,82.75623268698061,17.24376731301939
230,2013-01-01,Ayrshire and Arran,Female,20,1300,231,238,469,1789,469,2258,2013,79.22940655447299,20.770593445527016
231,2013-01-01,Ayrshire and Arran,Male,32,1351,305,272,577,1960,577,2537,2013,77.25660228616476,22.74339771383524
232,2013-01-01,Borders,Female,3,421,78,56,134,558,134,692,2013,80.63583815028902,19.36416184971098
233,2013-01-01,Borders,Male,3,433,67,46,113,549,113,662,2013,82.93051359516616,17.069486404833835
234,2013-01-01,Dumfries and Galloway,Female,2,484,84,62,146,632,146,778,2013,81.23393316195373,18.76606683804627
235,2013-01-01,Dumfries and Galloway,Male,6,455,98,78,176,637,176,813,2013,78.35178351783519,21.648216482164823
236,2013-01-01,Forth Valley,Female,6,1237,232,165,397,1640,397,2037,2013,80.51055473735886,19.48944526264114
237,2013-01-01,Forth Valley,Male,17,1259,203,166,369,1645,369,2014,2013,81.67825223435948,18.321747765640517
238,2013-01-01,Grampian,Female,14,2191,393,273,666,2871,666,3537,2013,81.1704834605598,18.829516539440203
239,2013-01-01,Grampian,Male,26,2180,420,358,778,2984,778,3762,2013,79.31951089845826,20.68048910154173
240,2013-01-01,Highland,Female,8,1159,189,171,360,1527,360,1887,2013,80.9220985691574,19.07790143084261
241,2013-01-01,Highland,Male,14,1211,213,198,411,1636,411,2047,2013,79.9218368343918,20.078163165608206
242,2013-01-01,Lothian,Female,22,3306,532,396,928,4256,928,5184,2013,82.09876543209876,17.901234567901234
243,2013-01-01,Lothian,Male,42,3445,552,456,1008,4495,1008,5503,2013,81.68271851717245,18.31728148282755
244,2013-01-01,Orkney,Female,1,74,7,11,18,93,18,111,2013,83.78378378378379,16.216216216216218
245,2013-01-01,Orkney,Male,1,73,26,23,49,123,49,172,2013,71.51162790697676,28.488372093023255
246,2013-01-01,Shetland,Female,1,106,15,6,21,128,21,149,2013,85.90604026845638,14.093959731543624
247,2013-01-01,Shetland,Male,1,106,16,9,25,132,25,157,2013,84.07643312101911,15.92356687898089
248,2013-01-01,Western Isles,Female,2,93,12,20,32,127,32,159,2013,79.87421383647799,20.125786163522015
249,2013-01-01,Western Isles,Male,2,104,24,12,36,142,36,178,2013,79.7752808988764,20.224719101123593
250,2013-01-01,Fife,Female,19,1524,238,214,452,1995,452,2447,2013,81.52840212505109,18.471597874948916
251,2013-01-01,Fife,Male,25,1533,279,215,494,2052,494,2546,2013,80.59701492537313,19.402985074626866
252,2013-01-01,Tayside,Female,8,1623,284,215,499,2130,499,2629,2013,81.01939901103081,18.98060098896919
253,2013-01-01,Tayside,Male,19,1679,278,225,503,2201,503,2704,2013,81.39792899408283,18.60207100591716
254,2013-01-01,Greater Glasgow and Clyde,Female,43,4502,666,483,1149,5694,1149,6843,2013,83.20911880754055,16.790881192459448
255,2013-01-01,Greater Glasgow and Clyde,Male,98,4504,642,593,1235,5837,1235,7072,2013,82.53676470588235,17.463235294117645
256,2013-01-01,Lanarkshire,Female,50,2780,388,342,730,3560,730,4290,2013,82.98368298368298,17.016317016317018
257,2013-01-01,Lanarkshire,Male,84,2880,372,319,691,3655,691,4346,2013,84.10032213529682,15.899677864703177
258,2014-01-01,Ayrshire and Arran,Female,13,1428,228,183,411,1852,411,2263,2014,81.83826778612462,18.161732213875386
259,2014-01-01,Ayrshire and Arran,Male,33,1413,227,233,460,1906,460,2366,2014,80.55790363482672,19.44209636517329
260,2014-01-01,Borders,Female,3,415,63,56,119,537,119,656,2014,81.85975609756098,18.140243902439025
261,2014-01-01,Borders,Male,8,449,62,47,109,566,109,675,2014,83.85185185185186,16.14814814814815
262,2014-01-01,Dumfries and Galloway,Female,0,521,95,65,160,681,160,841,2014,80.97502972651606,19.024970273483948
263,2014-01-01,Dumfries and Galloway,Male,1,531,108,101,209,741,209,950,2014,78.0,22.0
264,2014-01-01,Forth Valley,Female,11,1338,205,146,351,1700,351,2051,2014,82.88639687957094,17.113603120429058
265,2014-01-01,Forth Valley,Male,16,1321,204,149,353,1690,353,2043,2014,82.72148800783162,17.27851199216838
266,2014-01-01,Grampian,Female,15,2218,328,277,605,2838,605,3443,2014,82.42811501597444,17.57188498402556
267,2014-01-01,Grampian,Male,39,2267,383,306,689,2995,689,3684,2014,81.29750271444082,18.702497285559176
268,2014-01-01,Highland,Female,9,1120,202,159,361,1490,361,1851,2014,80.49702863317127,19.502971366828742
269,2014-01-01,Highland,Male,11,1188,212,167,379,1578,379,1957,2014,80.6336228921819,19.36637710781809
270,2014-01-01,Lothian,Female,25,3372,512,412,924,4321,924,5245,2014,82.38322211630124,17.616777883698763
271,2014-01-01,Lothian,Male,54,3396,513,438,951,4401,951,5352,2014,82.23094170403587,17.769058295964125
272,2014-01-01,Orkney,Female,0,80,13,5,18,98,18,116,2014,84.48275862068965,15.517241379310345
273,2014-01-01,Orkney,Male,0,86,17,12,29,115,29,144,2014,79.86111111111111,20.13888888888889
274,2014-01-01,Shetland,Female,0,99,14,15,29,128,29,157,2014,81.52866242038218,18.471337579617835
275,2014-01-01,Shetland,Male,0,110,23,26,49,159,49,208,2014,76.4423076923077,23.557692307692307
276,2014-01-01,Western Isles,Female,2,67,17,14,31,100,31,131,2014,76.33587786259542,23.66412213740458
277,2014-01-01,Western Isles,Male,1,85,13,13,26,112,26,138,2014,81.15942028985508,18.84057971014493
278,2014-01-01,Fife,Female,17,1491,240,213,453,1961,453,2414,2014,81.23446561723281,18.76553438276719
279,2014-01-01,Fife,Male,16,1580,282,218,500,2096,500,2596,2014,80.73959938366718,19.26040061633282
280,2014-01-01,Tayside,Female,9,1561,277,216,493,2063,493,2556,2014,80.71205007824727,19.28794992175274
281,2014-01-01,Tayside,Male,21,1546,270,238,508,2075,508,2583,2014,80.33294618660473,19.667053813395277
282,2014-01-01,Greater Glasgow and Clyde,Female,65,4474,630,515,1145,5684,1145,6829,2014,83.23326987845951,16.766730121540487
283,2014-01-01,Greater Glasgow and Clyde,Male,106,4623,695,516,1211,5940,1211,7151,2014,83.0653055516711,16.934694448328905
284,2014-01-01,Lanarkshire,Female,44,2837,409,305,714,3595,714,4309,2014,83.43003016941286,16.569969830587144
285,2014-01-01,Lanarkshire,Male,95,2753,359,351,710,3558,710,4268,2014,83.36457357075913,16.635426429240862
286,2015-01-01,Ayrshire and Arran,Female,19,1440,258,213,471,1930,471,2401,2015,80.38317367763432,19.61682632236568
287,2015-01-01,Ayrshire and Arran,Male,27,1405,246,217,463,1895,463,2358,2015,80.36471586089907,19.635284139100932
288,2015-01-01,Borders,Female,3,407,56,59,115,525,115,640,2015,82.03125,17.96875
289,2015-01-01,Borders,Male,5,447,65,44,109,561,109,670,2015,83.73134328358209,16.268656716417908
290,2015-01-01,Dumfries and Galloway,Female,1,502,101,88,189,692,189,881,2015,78.54710556186151,21.45289443813848
291,2015-01-01,Dumfries and Galloway,Male,4,497,112,80,192,693,192,885,2015,78.30508474576271,21.694915254237287
292,2015-01-01,Forth Valley,Female,16,1230,188,160,348,1594,348,1942,2015,82.08032955715757,17.91967044284243
293,2015-01-01,Forth Valley,Male,22,1223,228,139,367,1612,367,1979,2015,81.45528044466901,18.544719555330975
294,2015-01-01,Grampian,Female,28,2206,344,257,601,2835,601,3436,2015,82.50873108265425,17.49126891734575
295,2015-01-01,Grampian,Male,51,2171,350,356,706,2928,706,3634,2015,80.5723720418272,19.427627958172813
296,2015-01-01,Highland,Female,8,1156,197,156,353,1517,353,1870,2015,81.12299465240642,18.877005347593585
297,2015-01-01,Highland,Male,19,1211,193,169,362,1592,362,1954,2015,81.47389969293756,18.526100307062435
298,2015-01-01,Lothian,Female,39,3368,519,396,915,4322,915,5237,2015,82.52816497995036,17.471835020049646
299,2015-01-01,Lothian,Male,60,3393,531,410,941,4394,941,5335,2015,82.36176194939081,17.638238050609186
300,2015-01-01,Orkney,Female,0,57,10,9,19,76,19,95,2015,80.0,20.0
301,2015-01-01,Orkney,Male,0,67,15,10,25,92,25,117,2015,78.63247863247864,21.367521367521366
302,2015-01-01,Shetland,Female,1,95,19,8,27,123,27,150,2015,82.0,18.0
303,2015-01-01,Shetland,Male,1,114,21,14,35,150,35,185,2015,81.08108108108108,18.91891891891892
304,2015-01-01,Western Isles,Female,0,95,8,10,18,113,18,131,2015,86.25954198473282,13.740458015267176
305,2015-01-01,Western Isles,Male,1,120,15,13,28,149,28,177,2015,84.18079096045197,15.819209039548024
306,2015-01-01,Fife,Female,17,1544,224,180,404,1965,404,2369,2015,82.9463908822288,17.053609117771213
307,2015-01-01,Fife,Male,15,1577,270,216,486,2078,486,2564,2015,81.04524180967239,18.954758190327613
308,2015-01-01,Tayside,Female,9,1499,271,210,481,1989,481,2470,2015,80.52631578947368,19.473684210526315
309,2015-01-01,Tayside,Male,23,1607,267,207,474,2104,474,2578,2015,81.61365399534523,18.386346004654772
310,2015-01-01,Greater Glasgow and Clyde,Female,48,4176,639,509,1148,5372,1148,6520,2015,82.39263803680981,17.607361963190186
311,2015-01-01,Greater Glasgow and Clyde,Male,78,4304,579,545,1124,5506,1124,6630,2015,83.04675716440423,16.953242835595777
312,2015-01-01,Lanarkshire,Female,39,2650,383,321,704,3393,704,4097,2015,82.81669514278741,17.183304857212594
313,2015-01-01,Lanarkshire,Male,84,2663,428,355,783,3530,783,4313,2015,81.8455831207976,18.15441687920241
314,2016-01-01,Ayrshire and Arran,Female,25,1394,234,216,450,1869,450,2319,2016,80.59508408796894,19.404915912031047
315,2016-01-01,Ayrshire and Arran,Male,26,1440,258,250,508,1974,508,2482,2016,79.53263497179694,20.467365028203062
316,2016-01-01,Borders,Female,2,422,64,49,113,537,113,650,2016,82.61538461538461,17.384615384615383
317,2016-01-01,Borders,Male,5,429,76,62,138,572,138,710,2016,80.56338028169014,19.43661971830986
318,2016-01-01,Dumfries and Galloway,Female,4,460,104,84,188,652,188,840,2016,77.61904761904762,22.380952380952383
319,2016-01-01,Dumfries and Galloway,Male,3,464,107,90,197,664,197,861,2016,77.11962833914053,22.880371660859467
320,2016-01-01,Forth Valley,Female,5,1230,197,136,333,1568,333,1901,2016,82.48290373487637,17.51709626512362
321,2016-01-01,Forth Valley,Male,11,1271,204,155,359,1641,359,2000,2016,82.05,17.95
322,2016-01-01,Grampian,Female,9,2142,335,270,605,2756,605,3361,2016,81.99940493900625,18.000595060993753
323,2016-01-01,Grampian,Male,27,2261,378,310,688,2976,688,3664,2016,81.22270742358079,18.777292576419214
324,2016-01-01,Highland,Female,6,1066,189,144,333,1405,333,1738,2016,80.84004602991945,19.15995397008055
325,2016-01-01,Highland,Male,14,1078,181,162,343,1435,343,1778,2016,80.70866141732283,19.291338582677163
326,2016-01-01,Lothian,Female,37,3045,481,419,900,3982,900,4882,2016,81.56493240475216,18.43506759524785
327,2016-01-01,Lothian,Male,58,3180,515,458,973,4211,973,5184,2016,81.2307098765432,18.769290123456788
328,2016-01-01,Orkney,Female,1,77,15,5,20,98,20,118,2016,83.05084745762711,16.94915254237288
329,2016-01-01,Orkney,Male,0,66,14,14,28,94,28,122,2016,77.04918032786885,22.950819672131146
330,2016-01-01,Shetland,Female,0,100,16,12,28,128,28,156,2016,82.05128205128204,17.94871794871795
331,2016-01-01,Shetland,Male,1,86,18,20,38,125,38,163,2016,76.68711656441718,23.31288343558282
332,2016-01-01,Western Isles,Female,0,81,12,12,24,105,24,129,2016,81.3953488372093,18.6046511627907
333,2016-01-01,Western Isles,Male,1,106,13,13,26,133,26,159,2016,83.64779874213836,16.352201257861633
334,2016-01-01,Fife,Female,14,1431,244,197,441,1886,441,2327,2016,81.04856037816933,18.951439621830684
335,2016-01-01,Fife,Male,27,1480,229,211,440,1947,440,2387,2016,81.5668202764977,18.433179723502306
336,2016-01-01,Tayside,Female,4,1620,272,223,495,2119,495,2614,2016,81.06350420811017,18.936495791889822
337,2016-01-01,Tayside,Male,21,1568,284,258,542,2131,542,2673,2016,79.72315750093529,20.27684249906472
338,2016-01-01,Greater Glasgow and Clyde,Female,34,4036,586,533,1119,5189,1119,6308,2016,82.26062143310082,17.739378566899173
339,2016-01-01,Greater Glasgow and Clyde,Male,85,4089,622,538,1160,5334,1160,6494,2016,82.13735756082538,17.86264243917462
340,2016-01-01,Lanarkshire,Female,30,2610,427,332,759,3399,759,4158,2016,81.74603174603175,18.253968253968253
341,2016-01-01,Lanarkshire,Male,62,2769,425,349,774,3605,774,4379,2016,82.32473167389816,17.67526832610185
342,2017-01-01,Ayrshire and Arran,Female,20,1313,199,162,361,1694,361,2055,2017,82.43309002433091,17.566909975669102
343,2017-01-01,Ayrshire and Arran,Male,30,1363,229,185,414,1807,414,2221,2017,81.35974786132373,18.64025213867627
344,2017-01-01,Borders,Female,2,428,62,57,119,549,119,668,2017,82.18562874251496,17.81437125748503
345,2017-01-01,Borders,Male,4,432,75,46,121,557,121,678,2017,82.15339233038348,17.846607669616517
346,2017-01-01,Dumfries and Galloway,Female,4,502,100,68,168,674,168,842,2017,80.04750593824228,19.95249406175772
347,2017-01-01,Dumfries and Galloway,Male,7,515,81,82,163,685,163,848,2017,80.77830188679245,19.221698113207548
348,2017-01-01,Forth Valley,Female,9,1114,154,140,294,1417,294,1711,2017,82.81706604324957,17.18293395675044
349,2017-01-01,Forth Valley,Male,28,1175,193,156,349,1552,349,1901,2017,81.64124145186744,18.358758548132563
350,2017-01-01,Grampian,Female,14,2247,395,296,691,2952,691,3643,2017,81.03211638759265,18.96788361240736
351,2017-01-01,Grampian,Male,26,2248,366,289,655,2929,655,3584,2017,81.72433035714286,18.275669642857142
352,2017-01-01,Highland,Female,8,1133,198,172,370,1511,370,1881,2017,80.32961190855927,19.670388091440724
353,2017-01-01,Highland,Male,20,1185,223,156,379,1584,379,1963,2017,80.69281711665818,19.307182883341824
354,2017-01-01,Lothian,Female,41,3410,490,397,887,4338,887,5225,2017,83.02392344497608,16.976076555023923
355,2017-01-01,Lothian,Male,58,3360,544,509,1053,4471,1053,5524,2017,80.9377262853005,19.062273714699494
356,2017-01-01,Orkney,Female,0,60,11,7,18,78,18,96,2017,81.25,18.75
357,2017-01-01,Orkney,Male,0,78,18,9,27,105,27,132,2017,79.54545454545455,20.454545454545457
358,2017-01-01,Shetland,Female,0,96,17,11,28,124,28,152,2017,81.57894736842105,18.421052631578945
359,2017-01-01,Shetland,Male,0,108,22,19,41,149,41,190,2017,78.42105263157895,21.578947368421055
360,2017-01-01,Western Isles,Female,0,94,17,19,36,130,36,166,2017,78.3132530120482,21.686746987951807
361,2017-01-01,Western Isles,Male,1,96,15,16,31,128,31,159,2017,80.50314465408806,19.49685534591195
362,2017-01-01,Fife,Female,10,1321,214,157,371,1702,371,2073,2017,82.10323203087313,17.89676796912687
363,2017-01-01,Fife,Male,20,1440,231,216,447,1907,447,2354,2017,81.01104502973662,18.98895497026338
364,2017-01-01,Tayside,Female,11,1456,276,211,487,1954,487,2441,2017,80.04916018025399,19.950839819746005
365,2017-01-01,Tayside,Male,28,1501,280,267,547,2076,547,2623,2017,79.14601601219977,20.853983987800227
366,2017-01-01,Greater Glasgow and Clyde,Female,40,4386,665,500,1165,5591,1165,6756,2017,82.75606867969213,17.243931320307873
367,2017-01-01,Greater Glasgow and Clyde,Male,87,4418,672,589,1261,5766,1261,7027,2017,82.05493098050377,17.94506901949623
368,2017-01-01,Lanarkshire,Female,32,2469,365,297,662,3163,662,3825,2017,82.69281045751634,17.307189542483663
369,2017-01-01,Lanarkshire,Male,78,2502,390,365,755,3335,755,4090,2017,81.54034229828851,18.45965770171149
370,2018-01-01,Ayrshire and Arran,Female,13,969,166,116,282,1264,282,1546,2018,81.75937904269081,18.240620957309183
371,2018-01-01,Ayrshire and Arran,Male,25,982,166,150,316,1323,316,1639,2018,80.71995118974985,19.280048810250154
372,2018-01-01,Borders,Female,3,360,65,45,110,473,110,583,2018,81.13207547169812,18.867924528301888
373,2018-01-01,Borders,Male,1,382,66,43,109,492,109,601,2018,81.86356073211314,18.136439267886857
374,2018-01-01,Dumfries and Galloway,Female,1,358,62,54,116,475,116,591,2018,80.37225042301185,19.627749576988155
375,2018-01-01,Dumfries and Galloway,Male,6,377,74,67,141,524,141,665,2018,78.796992481203,21.203007518796994
376,2018-01-01,Forth Valley,Female,8,1101,179,140,319,1428,319,1747,2018,81.740125930166,18.259874069834
377,2018-01-01,Forth Valley,Male,20,1180,172,164,336,1536,336,1872,2018,82.05128205128204,17.94871794871795
378,2018-01-01,Grampian,Female,14,1870,315,194,509,2393,509,2902,2018,82.46037215713301,17.539627842866988
379,2018-01-01,Grampian,Male,22,1956,295,231,526,2504,526,3030,2018,82.64026402640265,17.35973597359736
380,2018-01-01,Highland,Female,8,953,162,146,308,1269,308,1577,2018,80.46924540266328,19.530754597336717
381,2018-01-01,Highland,Male,9,949,219,178,397,1355,397,1752,2018,77.34018264840182,22.659817351598175
382,2018-01-01,Lothian,Female,31,3425,464,397,861,4317,861,5178,2018,83.37195828505214,16.628041714947855
383,2018-01-01,Lothian,Male,62,3431,538,450,988,4481,988,5469,2018,81.9345401353081,18.0654598646919
384,2018-01-01,Orkney,Female,0,66,11,11,22,88,22,110,2018,80.0,20.0
385,2018-01-01,Orkney,Male,0,66,25,21,46,112,46,158,2018,70.88607594936708,29.11392405063291
386,2018-01-01,Shetland,Female,1,90,8,9,17,108,17,125,2018,86.4,13.600000000000001
387,2018-01-01,Shetland,Male,0,91,13,15,28,119,28,147,2018,80.95238095238095,19.047619047619047
388,2018-01-01,Western Isles,Female,0,77,14,7,21,98,21,119,2018,82.35294117647058,17.647058823529413
389,2018-01-01,Western Isles,Male,2,70,21,15,36,108,36,144,2018,75.0,25.0
390,2018-01-01,Fife,Female,9,1053,146,115,261,1323,261,1584,2018,83.52272727272727,16.477272727272727
391,2018-01-01,Fife,Male,18,1036,155,150,305,1359,305,1664,2018,81.67067307692307,18.329326923076923
392,2018-01-01,Tayside,Female,4,1039,161,132,293,1336,293,1629,2018,82.01350521792511,17.986494782074892
393,2018-01-01,Tayside,Male,18,1058,175,145,320,1396,320,1716,2018,81.35198135198135,18.64801864801865
394,2018-01-01,Greater Glasgow and Clyde,Female,20,3347,527,395,922,4289,922,5211,2018,82.30665899059682,17.693341009403184
395,2018-01-01,Greater Glasgow and Clyde,Male,51,3269,487,502,989,4309,989,5298,2018,81.33257833144583,18.66742166855417
396,2018-01-01,Lanarkshire,Female,39,2457,389,332,721,3217,721,3938,2018,81.69121381411884,18.308786185881157
397,2018-01-01,Lanarkshire,Male,58,2506,415,405,820,3384,820,4204,2018,80.49476688867745,19.50523311132255
398,2019-01-01,Ayrshire and Arran,Female,9,725,121,90,211,945,211,1156,2019,81.74740484429066,18.252595155709344
399,2019-01-01,Ayrshire and Arran,Male,13,750,115,113,228,991,228,1219,2019,81.29614438063987,18.703855619360134
400,2019-01-01,Dumfries and Galloway,Female,3,447,62,72,134,584,134,718,2019,81.33704735376045,18.662952646239557
401,2019-01-01,Dumfries and Galloway,Male,8,456,82,75,157,621,157,778,2019,79.82005141388174,20.17994858611825
402,2019-01-01,Forth Valley,Female,7,695,104,74,178,880,178,1058,2019,83.1758034026465,16.824196597353495
403,2019-01-01,Forth Valley,Male,17,670,110,85,195,882,195,1077,2019,81.89415041782729,18.105849582172702
404,2019-01-01,Highland,Female,7,813,157,107,264,1084,264,1348,2019,80.41543026706232,19.584569732937684
405,2019-01-01,Highland,Male,13,765,165,110,275,1053,275,1328,2019,79.29216867469879,20.707831325301203
406,2019-01-01,Lothian,Female,30,3080,449,381,830,3940,830,4770,2019,82.59958071278825,17.40041928721174
407,2019-01-01,Lothian,Male,50,3172,462,404,866,4088,866,4954,2019,82.51917642309246,17.48082357690755
408,2019-01-01,Orkney,Female,0,46,7,7,14,60,14,74,2019,81.08108108108108,18.91891891891892
409,2019-01-01,Orkney,Male,1,66,10,8,18,85,18,103,2019,82.52427184466019,17.475728155339805
410,2019-01-01,Shetland,Female,0,81,16,7,23,104,23,127,2019,81.88976377952756,18.11023622047244
411,2019-01-01,Shetland,Male,0,59,13,8,21,80,21,101,2019,79.20792079207921,20.792079207920793
412,2019-01-01,Western Isles,Female,0,94,27,16,43,137,43,180,2019,76.11111111111111,23.88888888888889
413,2019-01-01,Western Isles,Male,0,89,26,16,42,131,42,173,2019,75.72254335260115,24.277456647398843
414,2019-01-01,Fife,Female,7,968,150,147,297,1272,297,1569,2019,81.07074569789675,18.929254302103253
415,2019-01-01,Fife,Male,21,1060,171,157,328,1409,328,1737,2019,81.11686816350029,18.88313183649971
416,2019-01-01,Lanarkshire,Female,13,1106,165,167,332,1451,332,1783,2019,81.37969713965228,18.620302860347728
417,2019-01-01,Lanarkshire,Male,15,1121,192,150,342,1478,342,1820,2019,81.20879120879121,18.791208791208792
418,2020-01-01,Ayrshire and Arran,Female,14,1011,216,267,483,1508,483,1991,2020,75.74083375188347,24.25916624811652
419,2020-01-01,Ayrshire and Arran,Male,26,1045,217,307,524,1595,524,2119,2020,75.2713544124587,24.728645587541294
420,2020-01-01,Highland,Female,7,1100,231,231,462,1569,462,2031,2020,77.25258493353027,22.74741506646972
421,2020-01-01,Highland,Male,4,1087,263,279,542,1633,542,2175,2020,75.08045977011494,24.919540229885058
422,2020-01-01,Lothian,Female,17,2373,455,448,903,3293,903,4196,2020,78.4795042897998,21.52049571020019
423,2020-01-01,Lothian,Male,31,2485,456,531,987,3503,987,4490,2020,78.01781737193764,21.98218262806236
424,2020-01-01,Orkney,Female,0,69,8,12,20,89,20,109,2020,81.65137614678899,18.34862385321101
425,2020-01-01,Orkney,Male,2,67,11,16,27,96,27,123,2020,78.04878048780488,21.951219512195124
426,2020-01-01,Shetland,Female,0,71,15,17,32,103,32,135,2020,76.29629629629629,23.703703703703706
427,2020-01-01,Shetland,Male,3,87,16,17,33,123,33,156,2020,78.84615384615384,21.153846153846153
428,2020-01-01,Western Isles,Female,1,56,11,9,20,77,20,97,2020,79.38144329896907,20.618556701030926
429,2020-01-01,Western Isles,Male,3,64,13,18,31,98,31,129,2020,75.96899224806202,24.031007751937985
430,2020-01-01,Greater Glasgow and Clyde,Female,14,2565,483,533,1016,3595,1016,4611,2020,77.96573411407503,22.03426588592496
431,2020-01-01,Greater Glasgow and Clyde,Male,34,2601,534,564,1098,3733,1098,4831,2020,77.27178637963155,22.728213620368454
432,2021-01-01,Ayrshire and Arran,Female,19,1149,228,200,428,1596,428,2024,2021,78.85375494071147,21.14624505928854
433,2021-01-01,Ayrshire and Arran,Male,24,1204,241,231,472,1700,472,2172,2021,78.26887661141805,21.731123388581953
434,2021-01-01,Borders,Female,1,437,65,64,129,567,129,696,2021,81.46551724137932,18.53448275862069
435,2021-01-01,Borders,Male,11,405,69,61,130,546,130,676,2021,80.76923076923077,19.230769230769234
436,2021-01-01,Dumfries and Galloway,Female,6,833,164,182,346,1185,346,1531,2021,77.40039190071847,22.599608099281514
437,2021-01-01,Dumfries and Galloway,Male,11,859,151,175,326,1196,326,1522,2021,78.580814717477,21.419185282522996
438,2021-01-01,Forth Valley,Female,4,1055,157,125,282,1341,282,1623,2021,82.62476894639556,17.375231053604438
439,2021-01-01,Forth Valley,Male,17,1097,162,167,329,1443,329,1772,2021,81.43340857787811,18.5665914221219
440,2021-01-01,Grampian,Female,16,2070,329,260,589,2675,589,3264,2021,81.9546568627451,18.045343137254903
441,2021-01-01,Grampian,Male,40,2052,352,316,668,2760,668,3428,2021,80.51341890315052,19.486581096849477
442,2021-01-01,Highland,Female,8,1034,184,162,346,1388,346,1734,2021,80.04613610149943,19.953863898500575
443,2021-01-01,Highland,Male,15,1052,211,202,413,1480,413,1893,2021,78.18277865821447,21.817221341785526
444,2021-01-01,Lothian,Female,35,3212,470,451,921,4168,921,5089,2021,81.90214187463157,18.09785812536844
445,2021-01-01,Lothian,Male,51,3177,532,504,1036,4264,1036,5300,2021,80.45283018867924,19.547169811320757
446,2021-01-01,Orkney,Female,0,61,13,10,23,84,23,107,2021,78.50467289719626,21.49532710280374
447,2021-01-01,Orkney,Male,0,70,13,10,23,93,23,116,2021,80.17241379310344,19.82758620689655
448,2021-01-01,Shetland,Female,0,97,18,13,31,128,31,159,2021,80.50314465408806,19.49685534591195
449,2021-01-01,Shetland,Male,2,98,13,19,32,132,32,164,2021,80.48780487804879,19.51219512195122
450,2021-01-01,Western Isles,Female,0,78,17,11,28,106,28,134,2021,79.1044776119403,20.8955223880597
451,2021-01-01,Western Isles,Male,2,93,13,15,28,123,28,151,2021,81.45695364238411,18.543046357615893
452,2021-01-01,Fife,Female,13,1205,183,159,342,1560,342,1902,2021,82.01892744479495,17.981072555205046
453,2021-01-01,Fife,Male,37,1255,190,142,332,1624,332,1956,2021,83.02658486707567,16.973415132924334
454,2021-01-01,Tayside,Female,12,1145,251,192,443,1600,443,2043,2021,78.31620166421929,21.683798335780715
455,2021-01-01,Tayside,Male,22,1219,216,220,436,1677,436,2113,2021,79.36583057264552,20.634169427354472
456,2021-01-01,Greater Glasgow and Clyde,Female,61,4410,688,656,1344,5815,1344,7159,2021,81.22642827210504,18.773571727894957
457,2021-01-01,Greater Glasgow and Clyde,Male,107,4610,696,737,1433,6150,1433,7583,2021,81.1024660424634,18.897533957536595
458,2021-01-01,Lanarkshire,Female,41,3471,630,564,1194,4706,1194,5900,2021,79.76271186440678,20.23728813559322
459,2021-01-01,Lanarkshire,Male,65,3693,591,655,1246,5004,1246,6250,2021,80.06400000000001,19.936
460,2022-01-01,Ayrshire and Arran,Female,10,1221,180,163,343,1574,343,1917,2022,82.1074595722483,17.892540427751698
461,2022-01-01,Ayrshire and Arran,Male,17,1266,222,150,372,1655,372,2027,2022,81.64775530340404,18.352244696595953
462,2022-01-01,Borders,Female,4,362,64,45,109,475,109,584,2022,81.33561643835617,18.664383561643834
463,2022-01-01,Borders,Male,8,361,52,46,98,467,98,565,2022,82.65486725663716,17.345132743362832
464,2022-01-01,Dumfries and Galloway,Female,3,460,88,75,163,626,163,789,2022,79.34093789607097,20.659062103929024
465,2022-01-01,Dumfries and Galloway,Male,8,465,89,76,165,638,165,803,2022,79.45205479452055,20.54794520547945
466,2022-01-01,Forth Valley,Female,10,1022,182,128,310,1342,310,1652,2022,81.23486682808718,18.765133171912833
467,2022-01-01,Forth Valley,Male,21,1089,141,162,303,1413,303,1716,2022,82.34265734265735,17.657342657342657
468,2022-01-01,Grampian,Female,16,2097,279,262,541,2654,541,3195,2022,83.06729264475743,16.932707355242567
469,2022-01-01,Grampian,Male,47,2173,306,275,581,2801,581,3382,2022,82.82081608515671,17.17918391484329
470,2022-01-01,Highland,Female,12,1037,161,156,317,1366,317,1683,2022,81.16458704693999,18.83541295306001
471,2022-01-01,Highland,Male,21,1069,195,164,359,1449,359,1808,2022,80.14380530973452,19.856194690265486
472,2022-01-01,Lothian,Female,39,3008,424,343,767,3814,767,4581,2022,83.25693080113513,16.743069198864877
473,2022-01-01,Lothian,Male,109,3108,430,390,820,4037,820,4857,2022,83.11715050442659,16.8828494955734
474,2022-01-01,Orkney,Female,0,63,18,7,25,88,25,113,2022,77.87610619469027,22.123893805309734
475,2022-01-01,Orkney,Male,0,58,11,9,20,78,20,98,2022,79.59183673469387,20.408163265306122
476,2022-01-01,Shetland,Female,0,86,10,8,18,104,18,122,2022,85.24590163934425,14.754098360655737
477,2022-01-01,Shetland,Male,3,77,8,12,20,100,20,120,2022,83.33333333333334,16.666666666666664
478,2022-01-01,Western Isles,Female,0,61,10,12,22,83,22,105,2022,79.04761904761905,20.952380952380953
479,2022-01-01,Western Isles,Male,0,66,15,16,31,97,31,128,2022,75.78125,24.21875
480,2022-01-01,Fife,Female,7,1157,171,161,332,1496,332,1828,2022,81.83807439824945,18.161925601750546
481,2022-01-01,Fife,Male,26,1175,164,163,327,1528,327,1855,2022,82.37196765498652,17.628032345013477
482,2022-01-01,Tayside,Female,15,1282,209,181,390,1687,390,2077,2022,81.22291766971593,18.777082330284063
483,2022-01-01,Tayside,Male,19,1345,206,162,368,1732,368,2100,2022,82.47619047619048,17.523809523809526
484,2022-01-01,Greater Glasgow and Clyde,Female,64,4418,651,607,1258,5740,1258,6998,2022,82.0234352672192,17.976564732780794
485,2022-01-01,Greater Glasgow and Clyde,Male,125,4564,610,695,1305,5994,1305,7299,2022,82.12083847102343,17.879161528976574
486,2022-01-01,Lanarkshire,Female,14,2584,401,406,807,3405,807,4212,2022,80.84045584045583,19.159544159544158
487,2022-01-01,Lanarkshire,Male,43,2660,410,390,800,3503,800,4303,2022,81.40831977689984,18.591680223100163
488,2023-01-01,Ayrshire and Arran,Female,10,1133,183,167,350,1493,350,1843,2023,81.00922409115573,18.990775908844277
489,2023-01-01,Ayrshire and Arran,Male,20,1197,196,182,378,1595,378,1973,2023,80.84135833755703,19.158641662442978
490,2023-01-01,Borders,Female,0,266,32,30,62,328,62,390,2023,84.1025641025641,15.897435897435896
491,2023-01-01,Borders,Male,5,282,45,42,87,374,87,461,2023,81.12798264642083,18.872017353579178
492,2023-01-01,Dumfries and Galloway,Female,7,419,66,58,124,550,124,674,2023,81.60237388724035,18.397626112759642
493,2023-01-01,Dumfries and Galloway,Male,8,410,60,68,128,546,128,674,2023,81.00890207715133,18.991097922848667
494,2023-01-01,Forth Valley,Female,20,1032,132,116,248,1300,248,1548,2023,83.97932816537468,16.020671834625322
495,2023-01-01,Forth Valley,Male,54,1068,145,132,277,1399,277,1676,2023,83.47255369928402,16.52744630071599
496,2023-01-01,Grampian,Female,12,1971,323,218,541,2524,541,3065,2023,82.34910277324633,17.65089722675367
497,2023-01-01,Grampian,Male,22,2079,292,268,560,2661,560,3221,2023,82.61409500155231,17.38590499844769
498,2023-01-01,Highland,Female,4,944,153,137,290,1238,290,1528,2023,81.02094240837697,18.979057591623036
499,2023-01-01,Highland,Male,18,998,175,143,318,1334,318,1652,2023,80.75060532687651,19.249394673123486
500,2023-01-01,Lothian,Female,53,3064,426,311,737,3854,737,4591,2023,83.94685253757352,16.053147462426487
501,2023-01-01,Lothian,Male,101,3153,420,353,773,4027,773,4800,2023,83.89583333333334,16.104166666666668
502,2023-01-01,Orkney,Female,1,65,24,8,32,98,32,130,2023,75.38461538461539,24.615384615384617
503,2023-01-01,Orkney,Male,0,64,17,11,28,92,28,120,2023,76.66666666666667,23.333333333333332
504,2023-01-01,Shetland,Female,1,66,19,15,34,101,34,135,2023,74.81481481481481,25.185185185185183
505,2023-01-01,Shetland,Male,3,88,8,13,21,112,21,133,2023,84.21052631578947,15.789473684210526
506,2023-01-01,Western Isles,Female,1,59,10,5,15,75,15,90,2023,83.33333333333334,16.666666666666664
507,2023-01-01,Western Isles,Male,1,66,15,11,26,93,26,119,2023,78.15126050420169,21.84873949579832
508,2023-01-01,Fife,Female,13,1130,208,174,382,1525,382,1907,2023,79.96853696906136,20.03146303093865
509,2023-01-01,Fife,Male,20,1158,189,170,359,1537,359,1896,2023,81.06540084388185,18.934599156118143
510,2023-01-01,Tayside,Female,10,1190,204,215,419,1619,419,2038,2023,79.44062806673209,20.559371933267908
511,2023-01-01,Tayside,Male,15,1201,216,178,394,1610,394,2004,2023,80.33932135728543,19.660678642714572
512,2023-01-01,Greater Glasgow and Clyde,Female,34,4097,595,561,1156,5287,1156,6443,2023,82.05804749340369,17.941952506596305
513,2023-01-01,Greater Glasgow and Clyde,Male,89,4152,615,641,1256,5497,1256,6753,2023,81.40085887753591,18.59914112246409
514,2023-01-01,Lanarkshire,Female,14,2255,381,330,711,2980,711,3691,2023,80.73692766188026,19.26307233811975
515,2023-01-01,Lanarkshire,Male,31,2280,348,381,729,3040,729,3769,2023,80.65799946935527,19.342000530644736
